0.0
1.0
0.0
0
0.0
0.0
0
1.0
0.0
0
0.0
0
0.0
0.0
0
0.0
0.0
0.0
0
1.0
0
0
1.0
0.0
0
0
0.0
0
1.0
1.0
0
0.0
0
1.0
0.0
0.0
0
2.0
0.0
1.0
0.0
0
0
9.0
9.0
8.0
8.0
9.0
7.0
7.0
6.0
6.0
5.0
4.0
3.0
2.0
2.0
2.0
1.0
1.0
1.0
0
0.0
0
0.0
0
0.0
0
1.0
0
0.0
0
0.0
0
0.0
0.0
0.0
0.0
0
0
1.0
0.0
0.0
0.0
0
0.0
1.0
1.0
0
2.0
0.0
0
0.0
0.0
0.0
0
0
1.0
0
0
1.0
0
0
1.0
0.0
0
2.0
0.0
0
1.0
0.0
0.0
0.0
0
0.0
0.0
0
0
0
0
0.0
0
1.0
0.0
0
1.0
0.0
0
0.0
0.0
0
0.0
0
0.0
0
0.0
0.0
0
0
3.0
3.0
0.0
8.0
7.0
6.0
5.0
4.0
4.0
5.0
3.0
1.0
3.0
2.0
1.0
1.0
0.0
0
0.0
0
0
8.0
8.0
7.0
7.0
7.0
6.0
6.0
5.0
5.0
4.0
4.0
4.0
4.0
4.0
2.0
2.0
1.0
1.0
2.0
1.0
0.0
0.0
0
0
1.0
0.0
0
0.0
0
0
0.0
0
0
0.0
0
0.0
1.0
0
0
0.0
0
1.0
3.0
1.0
2.0
2.0
0.0
0.0
2.0
0.0
1.0
0.0
0
1.0
4.0
0
3.0
3.0
0.0
0
10
6.0
5.0
8.0
6.0
0.0
10
7.0
5.0
8.0
7.0
1.0
10
10.0
6.0
10
9.0
5.0
8.0
9.0
5.0
9.0
8.0
4.0
10
10
10
8.0
7.0
6.0
6.0
6.0
5.0
5.0
5.0
4.0
3.0
2.0
1.0
1.0
1.0
0.0
0.0
0
0.0
0
0.0
0
0.0
0.0
0
0.0
0
0
0.0
0.0
0
0
0.0
0
0.0
1.0
0.0
0.0
0.0
0
1.0
0.0
0
1.0
1.0
2.0
1.0
1.0
0.0
0
0
0
0.0
0.0
0
0
0
0
0.0
0
0
0.0
0.0
0.0
0
2.0
3.0
2.0
1.0
0.0
0
0
0
0.0
0
0
1.0
1.0
0
4.0
2.0
0
10
7.0
9.0
10.0
9.0
10.0
7.0
3.0
1.0
4.0
2.0
4.0
1.0
0
7.0
3.0
10
9.0
6.0
6.0
10
8.0
9.0
8.0
7.0
6.0
5.0
6.0
4.0
5.0
3.0
5.0
4.0
4.0
3.0
3.0
3.0
2.0
2.0
1.0
2.0
0.0
2.0
1.0
0.0
0.0
0
1.0
0
0
0
0.0
0.0
0.0
0
0
0
1.0
2.0
2.0
1.0
1.0
1.0
1.0
0
2.0
0.0
0.0
0.0
0
0
2.0
1.0
0.0
0.0
0.0
0.0
0.0
0
0
0.0
0
0.0
1.0
0.0
1.0
0.0
0.0
0
1.0
0
0
0.0
1.0
1.0
0
0.0
0.0
0.0
0
0
0.0
0
0.0
0.0
0.0
0
0
0.0
0.0
0
0.0
0
0
1.0
0.0
0
1.0
0.0
0
0.0
0.0
0
0
0.0
0.0
0.0
0
0.0
0
0.0
0
1.0
0.0
0
0
0
1.0
0.0
0
0
0
1.0
0.0
0
0.0
0.0
0.0
0
0.0
0
0.0
0
0
0.0
0
0
0.0
0.0
0
0
0
1.0
0.0
0.0
0.0
0
0
0.0
0
0
0
0.0
0
0.0
0
0.0
1.0
0
2.0
0.0
0.0
0.0
0
0.0
0.0
0
0
0
0.0
1.0
0
0
0.0
0.0
0.0
0
6.0
5.0
5.0
4.0
4.0
2.0
2.0
2.0
2.0
1.0
0.0
0.0
0.0
0
0
