0 6018414 4919 38 78
78 7331590 5711 68 76
154 6616308 5776 53 62
216 4681069 5680 55 86
302 4716092 4816 31 120
422 4321853 5568 45 77
499 5765037 5792 38 47
546 6550250 5236 53 113
659 6216719 5793 61 65
724 8312974 5620 54 65
789 8144433 5108 95 54
843 6099167 5755 54 44
887 4567571 5791 51 86
973 5217071 5171 32 49
1022 4883380 5765 49 45
1067 6157924 5359 40 44
1111 4529557 5745 49 81
1192 4609198 4258 25 50
1242 5502877 2790 52 20
1262 4311291 4938 42 52
1314 6328536 5812 28 137
1451 7017100 5876 50 47
1498 5670250 5846 65 46
1544 5299931 5953 50 59
1603 4966262 4610 26 90
1693 5482115 5783 52 83
1776 6652603 5588 42 86
1862 6500014 5357 58 85
1947 4773081 5727 54 61
2008 5756702 4363 32 100
2108 8196695 6024 39 84
2192 5843972 5523 76 212
2404 8708848 5043 32 142
2546 8297148 5167 92 83
2629 5061765 5883 56 74
2703 6475172 5004 23 101
2804 6448395 5584 67 65
2869 6984294 5037 61 650
3519 7186168 4411 66 40
3559 6331575 5584 50 58
3617 5577020 5539 40 107
3724 6624605 5704 50 65
3789 7702141 3861 52 30
3819 7589150 5647 60 29
3848 4403688 5290 29 41
3889 7651796 5887 64 93
3982 6286954 5514 52 55
4037 6473868 5165 42 82
4119 5699516 5284 46 312
4431 5988709 5811 51 46
4477 6280014 4624 63 50
4527 5534331 5585 34 151
4678 4420678 5702 39 89
4767 4584607 6088 27 15
4782 5216482 4086 29 30
4812 8868310 6151 34 111
4923 7810304 5886 59 66
4989 4062752 5819 65 124
5113 6733958 5694 42 209
5322 4676031 5113 50 249
5571 6757321 5512 49 231
5802 5907435 5761 62 99
5901 8100001 5588 50 125
6026 9214751 5132 86 82
6108 4964554 5480 49 124
6232 8806513 4885 45 237
6469 4529776 5242 66 303
6772 7499031 5169 48 611
7383 4601346 5448 34 118
7501 6245049 5081 41 43
7544 4164513 5128 62 33
7577 4459522 2623 69 20
7597 5429101 5696 50 49
7646 5192196 5809 54 75
7721 4751046 5535 32 118
7839 5608528 4855 52 80
7919 5824998 5562 35 42
7961 6123017 5844 60 75
8036 5611266 5807 53 52
8088 4960224 5681 36 119
8207 5735788 5757 52 77
8284 7105233 5603 57 74
8358 9596398 4400 58 50
8408 7870251 5094 87 123
8531 6967864 5923 55 23
8554 5394351 5246 56 108
8662 5135351 3836 35 40
8702 9057751 6057 58 81
8783 8799142 5159 79 84
8867 6087999 5324 58 286
9153 6102736 5761 53 145
9298 4009869 5669 52 76
9374 7853073 5191 27 174
9548 7842948 5195 83 165
9713 5343938 5127 32 606
10319 5903215 5678 58 115
10434 6644218 5882 55 52
10486 6991787 6197 60 18
10504 4245836 5579 48 42
10546 6166976 5773 42 48
10594 6316574 5616 56 107
10701 5401689 5908 50 58
10759 4810753 5227 47 100
10859 6538134 5161 31 59
10918 6297118 5929 59 84
11002 4541293 5084 26 49
11051 5217918 5705 40 62
11113 5212482 5581 45 29
11142 6364957 4574 52 50
11192 5162513 5745 59 61
11253 9901022 5403 59 158
11411 7922806 5308 84 168
11579 4263403 5705 54 75
11654 5007780 5252 29 173
11827 6122072 5564 53 72
11899 4548028 5492 51 65
11964 5994672 5728 37 108
12072 5875270 5902 58 77
12149 5206949 5741 53 83
12232 4484762 5676 33 197
12429 5415227 5272 43 190
12619 5472668 5883 56 107
12726 4507322 5369 41 63
12789 4673215 5544 33 128
12917 5075668 5853 54 51
12968 4321864 5705 35 85
13053 5364014 5755 33 118
13171 4191911 5669 51 65
13236 4345739 5241 26 36
13272 5968110 6260 36 51
13323 8531623 5655 43 103
13426 4335301 6030 66 93
13519 6437561 4911 31 103
13622 8165319 5780 67 89
13711 4708054 5747 53 38
13749 6025448 5804 47 115
13864 6489726 5109 66 70
13934 5377562 5507 49 78
14012 7964031 5623 48 75
14087 7596041 5018 78 87
14174 4523379 5815 49 43
14217 4289657 4656 46 80
14297 4350248 5395 37 56
14353 5150738 5116 44 119
14472 4324327 5404 46 71
14543 4497172 5115 41 63
14606 5004064 5325 41 68
14674 5254779 5533 43 115
14789 4814838 5800 36 149
14938 5040694 5242 50 108
15046 6794330 5527 53 66
15112 5735605 6032 47 76
15188 5864684 5252 51 51
15239 9922831 4999 67 70
15309 7113260 5135 78 93
15402 6751437 5547 53 141
15543 7556048 5818 52 68
15611 8865277 5082 82 81
15692 4385094 5553 44 31
15723 4812672 5717 49 33
15756 4884779 5126 35 117
15873 4987777 5960 50 38
15911 6994072 5282 45 108
16019 7430915 4630 78 110
16129 7401420 5119 24 68
