0 6173628 5420 34 2334
2334 6887189 5477 55 96
2430 7264211 5401 59 55
2485 4406066 5170 41 150
2635 7092889 5557 39 1013
3648 6585103 5692 69 149
3797 6616353 5671 52 181
3978 5409587 5788 56 182
4160 7183017 5609 42 894
5054 4205236 6068 39 54
5108 4786798 5819 57 147
5255 4575118 5488 79 455
5710 4375104 5446 54 426
6136 6118563 6146 34 97
6233 6625255 5914 54 74
6307 7407105 5439 37 2547
8854 4035165 5403 65 16
8870 7674511 5464 58 99
8969 4295011 5892 81 93
9062 6976826 5790 84 346
9408 5512644 5758 60 64
9472 5146804 5131 52 99
9571 8025837 5568 40 193
9764 4082530 5806 64 89
9853 6759429 5647 66 21
9874 5032102 5754 42 32
9906 4781805 6049 49 44
9950 7234469 5781 42 222
10172 4198572 6210 49 29
10201 4233635 6353 53 36
10237 6734561 6237 63 23
10260 5134647 5458 40 324
10584 6629945 5232 30 130
10714 5789370 5675 52 76
10790 4701169 2818 60 20
10810 5431718 6022 62 34
10844 4160599 5445 64 34
10878 4115675 5117 64 22
10900 4291596 5355 59 15
10915 4134126 5269 59 33
10948 4354472 5327 59 15
10963 4134542 5707 57 19
10982 4377672 3543 58 30
11012 5946285 5759 58 42
11054 5879327 5200 29 152
11206 6080930 5838 43 58
11264 4601499 5565 64 221
11485 4023049 5465 71 718
12203 6729829 5465 70 536
12739 7035299 5777 55 226
12965 11443403 5758 70 79
13044 6216216 5479 48 61
13105 5371378 5295 62 293
13398 6213369 5248 79 464
13862 6433071 5624 57 269
14131 4935525 4927 54 360
14491 6738313 5744 36 55
14546 6560609 6025 50 32
