0 4091451 6791 6 269
269 8861129 5725 78 136
405 8337079 5634 91 149
554 5205827 5546 77 197
751 5332032 5273 66 458
1209 4363661 5415 53 55
1264 5186100 5158 45 231
1495 5657839 3810 62 40
1535 6501573 5190 81 76
1611 7209091 4556 68 90
1701 6218232 5490 81 234
1935 6177882 7000 11 164
2099 5205449 5440 55 125
2224 4253674 5569 40 159
2383 4749375 5456 60 82
2465 5703620 5577 61 81
2546 5106140 5684 45 957
3503 4322161 5586 61 95
3598 4769319 5457 52 601
4199 4729658 5487 62 101
4300 4151747 5381 61 75
4375 4592621 5256 40 795
5170 5260166 5309 53 786
5956 5589750 4724 74 80
6036 4255699 5314 51 165
6201 5366188 4340 53 60
6261 5298239 5006 54 114
6375 5064359 5021 70 44
6419 4652522 5292 52 49
6468 4811112 5480 51 206
6674 5151074 4408 70 80
6754 5042114 5182 55 285
7039 4607686 5216 67 122
7161 4743750 5261 56 443
7604 4759455 5250 69 135
7739 4361067 5081 60 949
8688 5095628 5193 48 167
8855 4894697 5241 69 41
8896 4988827 3522 74 30
8926 4955819 5368 61 44
8970 4984373 5114 65 58
9028 5540265 5077 66 55
9083 5921386 4925 76 150
9233 4036041 5325 61 86
9319 5156595 5263 59 54
9373 4527648 4879 72 90
9463 4205858 5540 60 137
9600 4562337 5268 51 68
9668 4203004 5430 70 56
9724 4593701 5455 59 131
9855 6568048 5682 75 55
9910 6435983 5550 51 259
10169 5316167 5442 66 69
10238 4018690 5595 54 157
10395 4319047 5123 56 59
10454 5235128 5226 66 54
10508 5043442 5039 67 75
10583 4888100 5460 74 108
10691 4336736 5226 55 245
10936 4642477 5415 53 95
11031 4613847 5147 52 39
11070 4756472 5280 61 19
11089 5723416 5556 73 61
11150 6009129 5076 48 68
11218 4152849 5205 69 63
11281 4701644 5338 61 37
11318 4856542 5212 72 23
11341 4318182 4277 67 60
11401 6004758 5054 78 94
11495 4635648 5372 50 69
11564 4458789 5600 63 46
11610 4531747 4474 55 60
11670 4650015 5250 65 36
11706 4823912 4809 49 70
11776 5648865 5404 67 195
11971 5758298 5383 70 43
12014 5320020 5310 53 109
12123 5209475 5457 76 151
12274 4037170 5452 47 84
12358 4806623 5233 51 93
12451 5317979 5541 69 114
12565 4968588 5408 70 201
12766 4223003 5915 39 69
12835 5370891 4836 55 110
12945 5773999 5691 68 81
13026 6441311 5295 60 133
13159 7023618 5676 83 79
13238 6029128 4908 57 110
13348 4432867 5449 49 507
13855 4778445 5205 56 196
14051 5364678 5313 68 37
14088 4378084 5295 73 75
14163 4934900 5358 74 32
14195 5031719 5274 64 175
14370 5547606 5373 54 38
14408 7566130 5240 46 57
14465 6272124 5382 77 39
14504 5876291 5169 36 15
14519 6805013 5604 82 47
14566 7861164 5112 31 77
14643 8156550 5563 83 41
14684 4512125 5335 37 65
14749 4545672 2716 68 20
14769 4992212 5290 61 156
14925 4072981 5693 59 59
14984 4317454 5342 51 89
15073 4571901 3922 61 40
15113 5897414 5203 73 65
15178 5527160 5292 54 122
15300 4723593 5106 65 238
15538 4590394 5294 65 93
15631 5006326 5323 61 193
15824 5035597 5180 53 309
16133 5123577 5288 70 45
